24 10 83 58 0 0
90 10 149 58 0 0
158 10 217 58 0 0
230 10 289 58 -2 0
304 10 371 58 6 0
381 3 451 58 9 5
466 3 538 58 9 5
26 68 101 128 10 10
107 68 185 128 11 10
194 68 261 128 0 10
272 68 341 128 0 10
352 68 423 128 0 10
441 68 513 128 0 10
24 133 96 193 0 10
101 133 173 193 0 10
188 133 262 193 2 10
277 133 350 193 3 10
351 133 425 193 6 10
437 133 513 193 7 10
521 133 593 193 8 10
29 201 101 261 11 8
98 201 170 261 11 8
169 201 222 261 0 8
223 201 269 261 0 8
270 201 308 261 0 8
317 201 345 261 0 10
356 201 372 261 0 12
